SIZES
  narena                13631488
  nbuffer               20560
  nplugin               0
  maxuse_stack          1480
  maxuse_arena          29484
  maxuse_con            2
  maxuse_efc            8
  solver_nisland        1
  ne                    0
  nf                    0
  nl                    0
  nefc                  8
  nnzJ                  48
  ncon                  2
  nisland               0
  threadpool            0

TIMER
    0:  duration =  0          number = 0
    1:  duration =  0.099      number = 1
    2:  duration =  0          number = 0
    3:  duration =  0.083      number = 1
    4:  duration =  0.0044     number = 1
    5:  duration =  0          number = 0
    6:  duration =  0.0086     number = 1
    7:  duration =  0          number = 0
    8:  duration =  0.011      number = 1
    9:  duration =  0.0012     number = 1
    10:  duration =  0.062      number = 1
    11:  duration =  0.0077     number = 1
    12:  duration =  0.0004     number = 1
    13:  duration =  0.0083     number = 1
    14:  duration =  0.053      number = 1

SOLVER STAT
  solver_nisland = 1
  solver_fwdinv =   0         0       
ENERGY =   0         0       

TIME =  0       

QPOS
   0       
   0       
   0       
   0       
   0       
   0       

QVEL
   0       
   0       
   0       
   0       
   0       
   0       

QACC_WARMSTART
  -40      
  -37      
   0.14    
   37      
   4e+02   
   6.8     

QFRC_APPLIED
   0       
   0       
   0       
   0       
   0       
   0       

XFRC_APPLIED
   0         0         0         0         0         0       
   0         0         0         0         0         0       
   0         0         0         0         0         0       
   0         0         0         0         0         0       
   0         0         0         0         0         0       
   0         0         0         0         0         0       
   0         0         0         0         0         0       

QACC
  -40      
  -37      
   0.14    
   37      
   4e+02   
   6.8     

XPOS
   0         0         0       
  -0.058     0.1       0       
   2e-06     0        -0.17    
   0.12      0         0       
   0         0.1       0       
   0.087    -0.05      0       
   2e-06     0        -0.15    

XQUAT
   1         0         0         0       
   1         0         0         0       
   1         0         0         0       
   1         0         0         0       
   1         0         0         0       
   1         0         0         0       
   1         0         0         0       

XMAT
   1         0         0         0         1         0         0         0         1       
   1         0         0         0         1         0         0         0         1       
   1         0         0         0         1         0         0         0         1       
   1         0         0         0         1         0         0         0         1       
   1         0         0         0         1         0         0         0         1       
   1         0         0         0         1         0         0         0         1       
   1         0         0         0         1         0         0         0         1       

XIPOS
   0         0         0       
  -0.091     0.024     4.9e-18 
   0.082    -4.4e-07  -0.1     
   0.067     0.067     0       
   2.5e-07  -4.4e-07  -7.3e-17 
   0.024    -0.091     0       
  -0.04     -0.07     -0.09    

XIMAT
   1         0         0         0         1         0         0         0         1       
  -2.8e-17  -0.97     -0.26      0         0.26     -0.97      1         0         0       
  -5.6e-17  -0.79      0.61      1         0         0         0         0.61      0.79    
   0        -0.71      0.71      0        -0.71     -0.71      1         0         0       
   0        -1         0         0         0        -1         1         0         0       
   0         0.26      0.97      0        -0.97      0.26      1         0         0       
   0.87      0.37     -0.34     -0.5       0.64     -0.58     -1.8e-11   0.67      0.74    

XANCHOR
  -0.058     0.1       0       
   2e-06     0        -0.17    
   0.12      0         0       
   0         0.1       0       
   0.087    -0.05      0       
   2e-06     0        -0.15    

XAXIS
   0.5      -0.87      0       
   0         0        -1       
  -1         0         0       
   0         1         0       
  -0.87      0.5       0       
   0         0        -1       

GEOM_XPOS
   1.6e-06  -4.4e-07  -0.19    
  -0.038     0.065    -0.11    
  -0.087     0.022     4.8e-12 
   0.075    -4.4e-07  -0.099   
   0.063     0.064     1.4e-11 
   2e-07    -4.6e-07   2.8e-12 
   0.024    -0.086     7.9e-12 
  -0.038    -0.065    -0.087   

GEOM_XMAT
   0        -1         0         0         0        -1         1         0         0       
   0.87     -0.41     -0.28      0.5       0.72      0.49      4.8e-07  -0.56      0.83    
   2.8e-17  -0.97     -0.25      0         0.25     -0.97      1         0         0       
  -1.3e-06  -0.79      0.62      1        -1.6e-06   5.6e-17   1e-06     0.62      0.79    
   0        -0.7       0.71      0        -0.71     -0.7       1         0         0       
   0         0.56      0.83      0        -0.83      0.56      1         0         0       
   0         0.27      0.96      0        -0.96      0.27      1         0         0       
   0.87      0.37     -0.34     -0.5       0.64     -0.58      7.3e-09   0.67      0.74    

SUBTREE_COM
   0.0097   -0.014    -0.04    
  -0.091     0.024     4.9e-18 
   0.021    -0.018    -0.044   
   0.018    -0.0049   -4.3e-17 
   0.0062   -0.023    -5.4e-17 
   0.024    -0.091     0       
  -0.04     -0.07     -0.09    

CDOF
   0.5      -0.87      0        -4.2e-18  -2.4e-18  -0.067   
   0         0        -1        -0.018    -0.021    -0       
  -1         0         0         0        -0.044     0.018   
   0         1         0        -0.044     0        -0.021   
  -0.87      0.5       0        -0.022    -0.038     0.0056  
   0         0        -1        -0.018    -0.021    -0       

CINERT
   0         0         0         0         0         0         0         0         0         0       
   0.0012    0.00017   0.0013   -0.00029  -3.6e-20   0         6.3e-18   0         0         0.46    
   0.0065    0.012     0.0061   -0.0011    0.0015    0.001     0.063     0.019    -0.057     1       
   0.0049    0.0025    0.0056   -0.0012   -0.00093  -0.0017    0.021     0.039     0.02      0.46    
   0.0082    0.0083    0.011     0.00051   0.0012   -0.0011   -0.028     0.025     0.06      1.3     
   0.0035    0.0021    0.0037   -0.00016  -7.9e-05   0.0015    0.0018   -0.033     0.02      0.46    
   0.0079    0.0081    0.0078   -0.0037   -0.0018   -0.00078  -0.058    -0.049    -0.043     0.95    

CRB
   0         0         0         0         0         0         0         0         0         0       
   0.0012    0.00017   0.0013   -0.00029  -3.6e-20   0         6.3e-18   0         0         0.46    
   0.031     0.033     0.034    -0.0057   -8.3e-05  -0.0011    0         1e-17     1.4e-17   4.2     
   0.016     0.013     0.02     -0.00087   0.00022  -0.0013   -0.0049    0.03      0.1       2.3     
   0.012     0.01      0.015     0.00035   0.0011    0.00038  -0.026    -0.0085    0.08      1.8     
   0.0035    0.0021    0.0037   -0.00016  -7.9e-05   0.0015    0.0018   -0.033     0.02      0.46    
   0.0079    0.0081    0.0078   -0.0037   -0.0018   -0.00078  -0.058    -0.049    -0.043     0.95    

QM
   0.0027    0         0         0         0         0       
   0         0.037    -2.2e-19  -1.6e-19  -1.8e-20   0.008   
   0        -2.2e-19   0.012    -0.00072   0.0031    0       
   0        -1.6e-19  -0.00072   0.0065    9.3e-05   0       
   0        -1.8e-20   0.0031    9.3e-05   0.0027    0       
   0         0.008     0         0         0         0.008   

QLD
   0.0027    0         0         0         0         0       
   0         0.029    -2.7e-17  -2.4e-17  -6.7e-18   1       
   0        -2.7e-17   0.0081   -0.13      1.1       0       
   0        -2.4e-17  -0.13      0.0065    0.034     0       
   0        -6.7e-18   1.1       0.034     0.0027    0       
   0         1         0         0         0         0.008   

QLDIAGINV
   3.7e+02 
   34      
   1.2e+02 
   1.5e+02 
   3.7e+02 
   1.3e+02 

QLDIAGSQRTINV
   19      
   5.8     
   11      
   12      
   19      
   11      

D_rownnz              1 5 4 4 4 2

D_rowadr              0 1 6 10 14 18

D_colind              0 1 2 3 4 5 1 2 3 4 1 2 3 4 1 2 3 4 1 5

B_rownnz              6 1 5 4 4 4 2

B_rowadr              0 6 7 12 16 20 24

B_colind              0 1 2 3 4 5 0 1 2 3 4 5 1 2 3 4 1 2 3 4 1 2 3 4 1 5

QDERIV
   0         0         0         0         0         0       
   0         0         0         0         0         0       
   0         0         0         0         0         0       
   0         0         0         0         0         0       
   0         0         0         0         0         0       
   0         0         0         0         0         0       

QLU
   0         0         0         0         0         0       
   0         0         0         0         0         0       
   0         0         0         0         0         0       
   0         0         0         0         0         0       
   0         0         0         0         0         0       
   0         0         0         0         0         0       

CONTACT
  0:
     dim           3
     gfev          2 -1 -1 -1 : 5 -1 -1 -1
     exclude       0
     efc_address   0
     solref         0.02      1       
     solimp         0.9       0.95      0.001     0.5       2       
     dist          -0.03    
     includemargin  0       
     pos           -0.068     0.015     3.8e-12 
     frame          0.97     -0.24      0         0.24      0.97      0        -0         0         1       
     friction       1         1         0.005     0.0001    0.0001  
     mu             1       
  1:
     dim           3
     gfev          6 -1 -1 -1 : 7 -1 -1 -1
     exclude       0
     efc_address   4
     solref         0.02      1       
     solimp         0.9       0.95      0.001     0.5       2       
     dist          -0.014   
     includemargin  0       
     pos           -0.053    -0.093    -0.0083  
     frame         -0.37     -0.63     -0.68     -0.34     -0.59      0.73     -0.87      0.5      -2.8e-17 
     friction       1         1         0.005     0.0001    0.0001  
     mu             1       

EFC_TYPE
  6
  6
  6
  6
  6
  6
  6
  6

EFC_ID
  0
  0
  0
  0
  1
  1
  1
  1

EFC_J
   5.3e-12   0.068     2.8e-12   4.6e-12   0         0       
   8.9e-14  -0.071    -4.6e-12   2.8e-12   0         0       
   0.051    -0.0016   -0.015     0.068     0         0       
  -0.051    -0.0016    0.015    -0.068     0         0       
   0         0        -0.015    -0.0085   -0.017     0.00096 
   0         0         0.13      0.075     0.15      3.3e-05 
   0         0         0.062     0.026     0.067     0.11    
   0         0         0.054     0.04      0.067    -0.11    

EFC_POS
  -0.03    
  -0.03    
  -0.03    
  -0.03    
  -0.014   
  -0.014   
  -0.014   
  -0.014   

EFC_MARGIN
   0       
   0       
   0       
   0       
   0       
   0       
   0       
   0       

EFC_FRICTIONLOSS
   0       
   0       
   0       
   0       
   0       
   0       
   0       
   0       

EFC_DIAGAPPROX
   2.2     
   2.2     
   2.2     
   2.2     
   3.9     
   3.9     
   3.9     
   3.9     

EFC_KBIP
   2.8e+03   1.1e+02   0.95      0       
   2.8e+03   1.1e+02   0.95      0       
   2.8e+03   1.1e+02   0.95      0       
   2.8e+03   1.1e+02   0.95      0       
   2.8e+03   1.1e+02   0.95      0       
   2.8e+03   1.1e+02   0.95      0       
   2.8e+03   1.1e+02   0.95      0       
   2.8e+03   1.1e+02   0.95      0       

EFC_D
   8.6     
   8.6     
   8.6     
   8.6     
   4.9     
   4.9     
   4.9     
   4.9     

EFC_R
   0.12    
   0.12    
   0.12    
   0.12    
   0.2     
   0.2     
   0.2     
   0.2     

CVEL
   0         0         0         0         0         0       
   0         0         0         0         0         0       
   0         0         0         0         0         0       
   0         0         0         0         0         0       
   0         0         0         0         0         0       
   0         0         0         0         0         0       
   0         0         0         0         0         0       

CDOF_DOT
   0         0        -0         0         0         0       
  -0         0         0         0         0         0       
   0        -0         0         0         0         0       
   0         0         0         0         0         0       
   0        -0         0         0        -0         0       
  -0         0         0         0         0         0       

QFRC_BIAS
  -0.3     
   0       
   0.11    
  -0.11    
   0.3     
   0       

QFRC_SPRING
   0       
   0       
   0       
   0       
   0       
   0       

QFRC_DAMPER
   0       
   0       
   0       
   0       
   0       
   0       

QFRC_GRAVCOMP
   0       
   0       
   0       
   0       
   0       
   0       

QFRC_FLUID
   0       
   0       
   0       
   0       
   0       
   0       

QFRC_PASSIVE
   0       
   0       
   0       
   0       
   0       
   0       

EFC_VEL
   0       
   0       
   0       
   0       
   0       
   0       
   0       
   0       

EFC_AREF
   78      
   78      
   78      
   78      
   36      
   36      
   36      
   36      

SUBTREE_LINVEL
   0         0         0       
   0         0         0       
   0         0         0       
   0         0         0       
   0         0         0       
   0         0         0       
   0         0         0       

SUBTREE_ANGMOM
   0         0         0       
   0         0         0       
   0         0         0       
   0         0         0       
   0         0         0       
   0         0         0       
   0         0         0       

QFRC_ACTUATOR
   0       
   0       
   0       
   0       
   0       
   0       

QFRC_SMOOTH
   0.3     
   0       
  -0.11    
   0.11    
  -0.3     
   0       

QACC_SMOOTH
   1.1e+02 
   2.5e-16 
   30      
   22      
  -1.5e+02 
  -2.5e-16 

EFC_B
  -78      
  -78      
  -71      
  -85      
  -34      
  -52      
  -43      
  -43      

EFC_FORCE
   6.9e+02 
   6.5e+02 
   6.7e+02 
   6.8e+02 
   2.1e+02 
   0       
   35      
   40      

EFC_STATE
  1
  1
  1
  1
  1
  0
  1
  1

QFRC_CONSTRAINT
  -0.41    
  -1.3     
   1.3     
   0.17    
   1.4     
  -0.24    

QFRC_INVERSE
   0       
   0       
   0       
   0       
   0       
   0       

CACC
   0         0         0         0         0         0       
   0         0         0         0         0         0       
   0         0         0         0         0         0       
   0         0         0         0         0         0       
   0         0         0         0         0         0       
   0         0         0         0         0         0       
   0         0         0         0         0         0       

CFRC_INT
   0         0         0         0         0         0       
   0         0         0         0         0         0       
   0         0         0         0         0         0       
   0         0         0         0         0         0       
   0         0         0         0         0         0       
   0         0         0         0         0         0       
   0         0         0         0         0         0       

CFRC_EXT
   0         0         0         0         0         0       
   0         0         0         0         0         0       
   0         0         0         0         0         0       
   0         0         0         0         0         0       
   0         0         0         0         0         0       
   0         0         0         0         0         0       
   0         0         0         0         0         0       

